$ANSIBLE_VAULT;1.1;AES256
64613339633462386432316265613538303662353831653936306464323832653665666434383630
3736393830313136613562613339383339313164336165340a363733313031653563323934346666
63313030343630333561646334653137323637333236643231643966623965646562666433373836
6634636634616563370a346238623466346634343735663564376438623563306636326239613364
36346138643036323962636239393735633531313139353061346130333731343031623631636337
65303036336335323039616332363139613863636236376534316534623832363266376432343230
37623733366434383531316563366430373062313863303464656135643662373366363139393436
33343462363761633966313063313231333038373734323161626531623934643864316134376363
31363634393236366339303466333938653465613163656536303634313231626134616635303964
35616139626430373635316563333538666436353535383733376164613639373033623735396366
63326562393830653336363061316539643336623737363032626530656461646136353638323564
30643735393361333230343934633437656466323739323936343537323638326139643834633437
64643732383738333533623932356661333639383163393865646332393838383564653961343764
31623862306531366533313165396134313766386232336163636462323038313334376333393966
32636530666332666637663438613166353063633035643136376138353362646264303734653236
36306135623864613761356437346435633661623165636130326562353864326564366463386666
33333764666534393537363838366132373937623661343936313635353435613834636133336333
63323639333165653332313637666135343834646538393237653464653037303837366364346665
63376635653832653330656438323735663165373861656366393731356161633234336335393261
36393532346330363739626639313036326134653664396533346631336234363265393739323439
39633337613630333666363461653364336166303561346131386631346565363735333536376561
35633435333234373266643436363062306436343766656366316633613762613865376165393632
34383237333331306438373231386561333839323434323162363161316364346565323865313537
38346235653262376665316433376139313733326365343963363536356666346233393639373336
61613939303761623036326135663637653033366163373135343230303533626561613563633830
65306263386363386632666566666265313837396435666430386233333133623739633535646430
30663130646463373166383064373935646134353061653730373235643737343665663037666563
33323333613265616164333565303462636138336662613462326663303563363636653666303133
37666334393734363130383431626566613639313365373238383933323231623561653635333330
65353564666264363638316332326630376130653730333262316665366262653632626134353231
38613837353339613138323663326239663466333263366537623737626661356262376533663763
39393032633466653733633731323863396633306139313636353338383262393433666461616462
66646462666563613331303731383139653833353433313838636132323936313636383162636534
35323838343266663832316364343864333862633930616239613038623339613462356636646366
63346438303531323931373264316439623833313337333364646264326638333834346264616434
61333435373732393837363231613735623231616631323336313462376639346434303538343538
36663938313064376563396363646462313334316638353238636138386664376564393532636238
35643862623732643732313330663935316530323039346539663962663764303737636239626564
34343465323731383938633032313336323437633461373630343633633364613230666138616365
64623232343331616539333735353662343639376439646563353932363934313634356463326232
31343238386264386336626436303937386337393139333135666162376637393761633361323763
65343563353965643035336230646533303733323366633361323333663132383262366432393031
31643731646231643330383234373434663239336630333366326233353961386237336234383661
61366365386265366533383438366265363462636533323731323838646235643630663334346265
63663730386436663236636165393532363936383130383736336466356139633166613932343137
66386261336138373031633131336662623663633666343034643635636366303331386336373363
39333938623633383736343866623861313537323336383034306665626366313939343933336464
38356530303939386237303238353362343834303636643961346634633533343063303839316135
30386664646632393965323065333734646238613636353763383437653838366266626432303539
30616638633638313030353334346464366333386264353132633434306265653936646362636633
32313231383737303433656534643033393235363239303662666232343931653930633062343135
63313138343864326362356264336164343465656337323736376532356263366565646531383431
30306235323663613162303666626362343439653465373964383032306335613038633062393632
37373664396563363864393234373637313936396234626632326635613132366162376437653037
61613435623432323131316663373965383735316562356664333562373331656466353566623735
31393431356432613530356661383331393365363433376531666231313937316466396532386166
34383739643038386432393461653163363065356433326465323461336565343137633130303937
30343231613936306138353532626465386234616364353538303833633533663431633566326561
66656433303433376562306265333636623531333065303265663433653831646330356334356266
62626634336437323433353865616465343437356664643236323434653633313662323966323433
35313661393034653962323365636431383561353939656238613235653765643265623630343534
32363936353064316334376264633663396135363664373632383564376361366635386136333237
37356136323531383634373362613963646231333566343565313638323539356530393532363734
37623334333263343934353235643065316230306462373063393236353434653530333764663363
62333765353062636364393930373631326431643865643132623334376662303631396361373164
39396533633232353232366431336433306532343238313539383964613739383736333161353533
39643265306631663063363633343963626532393661616663363039666232346131646231363733
35333035666163393466643633656562356331343531343034633362343638346164346632633966
36356464373163383665373134376138323434616332333561336665623431376264393633376163
36633265336435313731386461353164313234653637666665393734333265633563343237613336
36333464323062383337653137363334636538356430343466373030353431323663373538613362
37313762656438313061333836366436653462613132383937346264343161323633323333306466
64343163363232376631383937323732346663353662313639663934313166383830633764396464
35346361643661343734636635636564643530363464383939333639323262363763616164663937
31313861323064336537313637336163373737383234323437333035363338333961643863353938
30343837616636353965646631663833636339323133656633613737366533393864653931316561
66303264363764663562303530323263383737376162656261313431643365336531386233656534
30653936633561616134656436336433303835323164373230616362396536326236323766623331
61326637626433323865643035663336336563306133623237663263373966636536363765313339
37643133626633303236333831323432333861386434313261336236363264653162326435656366
64336265623461656636316465373532326664626163663736343832636536356664303830333131
64303630626130666638333834303736303937366338613437396333626634356361383937666332
61643935366330633932303532666433386339653335623934303731313133623830396130333564
35306138623239343865363536326262653838323133623163363831396563613832326338376439
34343530626134356537643363343062343039386238363436643462333539306434623761636638
32313939613430653064633563373663353164316566626136623463373135373965636238373232
37393036393031353566643161613034333266653961656432656132306262656532353736636634
31376238633564356638356261373666663263663334346439363565373839613039356336643562
36626339613235376133333231636466346637653130366135393330666338303638366161643566
39626365353966313339663935643762626563613366383066653038383438336463666138616539
34386435386335333666616438326334653538366262646432356365333939313865613236633263
62343039313535326536353732656665343731663831613638656335373561383730376631653863
61333133663663383635356464646263653561653731663163393961343239373538393437346632
37363064633939353661306138633562616337303234313234356133623731343739373339353261
33616461643961303765366332313333313833306666376435663337343964343635633636396331
38313138353939343333386337363764376237653263663733353866666362343136323261316335
39616266636231313938633461356261306236396366336439313234313438623030633664663033
35643265323038393630383236633830313939333261663731373432373234306562313137333336
33663664336163396365303166653166353161383733326234636337616535633131343533306363
33303764393033623766616237653566323131663732383838343638633763633864663936643864
64663166393834636566313865393132396535633430666638626337346261333337343733333632
32323334313136326662393333353331333030653936646533336636363437643331373036623961
63623334613734353538343730346665663365303165323130633834306235646161316336356336
63386630346238323663366533353831343561666361636631633664653832383239356139386432
62656164393134386535623636383035643963386537393162393063646433633535666234663930
32373265343839633863626432653030326531646139373566396332376264633630363462613865
35636538326430363732313031653161303065346466383361386563313963353266393736313866
39306231333565363464333261393739396336636533623464646438346366383232316664656232
64363963643664343364316134343134366436646465343363623736663162386633356534353063
35353838643565653535653133646364346335333639383866646464336261363463383837333238
65613063623064366234333761633237383462663337633863366263343237313234336432343563
33666433393831613938656637646638363336346165376536613632366332396235623634306233
30626431613331636561626263626465366665333530343730623837663836313734356330323562
62323532313865623939333337333735633634303664376539653031343161653932393937303761
31343633313063343661366630343831353337623133663963353232616630353433373035383533
63306663336438663161303333613236353437363262643335653637373330343639643232356134
36626261613932316465636531663830653061633531373565373837653634383064316537313234
35666138646236616264303236393134653530626235323039393930343863643864396532623634
64633838653863356231323339383433666638326431343937653035383064303337656562323462
33656562666430393335386565313537316164353762393830393130333333386334626162363839
32316530613936363765316430383831663234353335663736646462636134333366666436633331
33303562383365323134363435636236303134643161376530393835316233323131636365313566
63626138646365623137636235386662343565366463323662393763343432333565613564336232
65373864636536643833663833386162373239623633666465353362366463383664616662376665
63356334646466393966333964663832346565616533363962326636636235373834376134383563
38396632313833646161326639353931323963376461343330346462643361393762323037646165
63343965613639366438366365653233303966343962343034353533663039633264613932633966
35343532346366366366326633643836643635373365333531646337616637653034303636656534
63613863663735353563313061396437353061666562313636663930366365343231383731663733
65396263303633613737656235326136306631323630663335393531363764653865343034623364
30356665633362343962656666393762353531336561623061656235376361373532643062313630
34656263336537306230386561323935303463393866373535636633623566626532313264386665
33613435313631383331393865363434336632393163353234663061643437663866343033366465
65343364323437353335396637653031666633343834646536623930303961616438326437363433
64383434396231323530333436393639303032316539386536303432656264636434353735303032
35323439663864323931653563303037633137653536323362376463346433306339323133616161
35316631346565306436393538326664316234326437333035336533353638386436633863646365
66343166303265326130343961663937343764636336303361323864653830353763663932666535
36663434306238343036636438666264323733333366626563336161366661616263333334613064
66636530333565343732376465346538373364343338396361343132616535643865326664383261
36313763326161333233636236656331383630346331383432333938326361353139613633663935
64633230363365373630366139363966316537373365306462363663393361343130626434633934
33626337386165373634313530663334613334303237646139363033333531326564393838373039
31653338323864616239656335663437623236336663613337613965626631363230326438343434
66643664383936333232333331386130636434316639333037313165393765626539616632353631
35613364653562303964306563363962353665353831313464356565396465356663663633336332
36623263623639303064343630646262653864396161663132613439363762363839613234383832
65323661353234613630663166613261616231383132343463333139333934373136613561333335
66653263663863646532343561313533646366633062383038303232646134313462336433626235
63623630336264616131386339363238306462326238333135333265636535323833366263303431
32386365373362323065376232646263663233373132353338343134343266633433353236353733
31356239393239653234613665646632316637643136313135633438663061303930396436343965
39353734643939323265303935646437316131656533353633666334636633643339613139316165
33376132626639383364383938303765656339306137333965653265653932326563663364656338
39363434383739353063346265653832303965653863336430356138656361653737336566623864
35323136373236313234303264323464326534653637663464373363663038396261653539333962
35343736393438653338626134666365366139656338643337613436383665376334393265343631
35303030626436623439333639633565646632393062373264386665633230643131393431623665
35323431383531343230326431346132386663393731653930616162633937373631356264323434
64333735316663353635376434393963333764346562633538653430336566313161343066333234
36646532373637366165643263653362326139653164316162326262663738363866383132366638
65386139636438623533343262643532306235356237396239393266666434373936613464626266
65336233646234376237333533343761393230363530356433303366383037383065646431636662
36373234363839636130313962636535313534373462613564373930343366356537633039616437
65376335616366303362313039643264323939303437373834383961323736386663386433333339
32653836613565613530353436313465623061326335356163386131306261333136303631323265
61316636333763613663326166643062393165633439336430666565393863636135663061653036
66316636343438303835353436643136643865306137386161306565663935333331636233303035
38613832353636333432633338313163616538633234316431663130353862303564363037656164
37373036613561316465343038343166336537336139323236386238623863626139643631633361
37346631303263326332633263393330306332373233653863346363313830613262383064363835
32316531616436616635376431383566383866663863643164393662653030663731613031343335
37393537623035326639316261333436613132336334613564396664663937333165663331323364
6365373936333239613733353631333538666430386330356162
