$ANSIBLE_VAULT;1.1;AES256
38663634613236613039353436653563343166373163326661623031633664373463643832373765
3535343237656235386436326365396636633163346461390a326339346664313063393062363662
36383434666439643665626335633134623338633731623866613763303538663761663435653162
3436346335386335650a333634393966366535333130376134633666336263316432373630346639
61316631353039303532633137616563376633326130363330616135366230643038613934343739
61373035363532383138306135636661636430313931373138333233396364663031623635373161
36363766623738376134306566356635316562336466363931653832343364636638646135356566
31646536666238653833363861333033643963316261666364623431613439623735303562343037
61393437613931343439353936653535396331303363306566643133383763343730666534663664
66356266623234636335303130313137613964303735303665356232386636303132383039613761
33666237336639373465376561373835666133386439323235646564623936626632366135343431
30346363386565666366346634626536363631666138613163666465653337343666386462306538
32313032306435316332376630613363346536356536653737633731303463626130353933666438
30373134623333343735613534653132616430396537393534356666363437623738393461313736
62613631666265353131346565336338303961623831336266336563386561393662653861616435
64663466393137623532333934353139633161303730373938623039393664316434336339666266
63353662636161306231623637626332353931306263373233353233393363623634353439363439
34653065363234343561353433643435313631353031396431383632356564363837343338633537
33666137616561656631353863323963346363646135363762363764636265313263626133663963
31623731373334663930353430303261356432306366343535366266386138653632326136646265
63626535643931366539313236373865623865323338383438643232636665363635376336336561
64346535326330616365363764373061333530643432666231393138393363666237663061353965
35366139393930313339663830306535616666663264613336646266313337653838353966643937
36336265383930303832653564663534623362306564313366376534313166346133653565333830
61343031643864666535346336623733353866306362313932633933303830346264333035326166
6161303735313737626133353633653030306432333134333734
